15492359
19895282
78941611
87170183
135421739
40885516
816653
14800270
471741741
88856792
775296019
92726549
1867843520
107318424
71201743
97865628
123774113
19929890
405427035
76294950
65659343
468479147
44196397
20536157
277434037
23061619
133880286
132385468
2687852605
183230911
34197952
39743812
44588485
56631494
134758540
75509967
8161232
18681139
17381587
57928790
331136088
56312411
56304605
5988062
68977380
57947109
813286
17482727
101695592
145125358
20571756
60937837
20609518
24705126
50393960
31348594
37034483
18839785
113419517
101311381
